[gd_scene load_steps=7 format=2]

[sub_resource type="CubeMesh" id=1]
size = Vector3( 0.2, 0.2, 0.4 )

[sub_resource type="CubeMesh" id=2]
size = Vector3( 0.5, 0.5, 0.2 )

[sub_resource type="Skin" id=3]

[sub_resource type="ShaderMaterial" id=4]

[sub_resource type="CubeMesh" id=5]
material = SubResource( 4 )
size = Vector3( 0.5, 0.5, 0.5 )
subdivide_width = 1
subdivide_height = 1
subdivide_depth = 1

[sub_resource type="CubeMesh" id=6]
size = Vector3( 0.25, 0.1, 0.2 )

[node name="Projeto" type="Spatial"]
transform = Transform( 1, 0, 0, 0, 1, 0, 0, 0, 1, 0, -0.0859714, 0 )

[node name="Boneco" type="Spatial" parent="."]

[node name="BonecoInteiro" type="Spatial" parent="Boneco"]
transform = Transform( 1, 0, 0, 0, 1, 0, 0, 0, 1, -0.983837, 0.479455, 1.037 )

[node name="PeEsquerdo" type="MeshInstance" parent="Boneco/BonecoInteiro"]
transform = Transform( 1, 0, 0, 0, 0.0610136, -0.998137, 0, 0.998137, 0.0610136, 0.446617, 0.256933, 0.248631 )
mesh = SubResource( 1 )
skeleton = NodePath("../PeDireito")

[node name="PeDireito" type="MeshInstance" parent="Boneco/BonecoInteiro"]
transform = Transform( 1, 0, 0, 0, -0.00380477, 0.999993, 0, -0.999993, -0.00380477, 0.167308, 0.252438, 0.245292 )
mesh = SubResource( 1 )
skeleton = NodePath("../BracoDireito")

[node name="BracoEsquerdo" type="MeshInstance" parent="Boneco/BonecoInteiro"]
transform = Transform( 1, 0, 0, 0, 0.492226, -0.870467, 0, 0.870467, 0.492226, 0.66924, 0.519792, 0.366007 )
mesh = SubResource( 1 )
skeleton = NodePath("../BracoDireito")

[node name="BracoDireito" type="MeshInstance" parent="Boneco/BonecoInteiro"]
transform = Transform( 1, 0, 0, 0, 0.191186, -0.981554, 0, 0.981554, 0.191186, 0.00178319, 0.528843, 0.262232 )
mesh = SubResource( 1 )

[node name="Corpo" type="MeshInstance" parent="Boneco/BonecoInteiro"]
transform = Transform( 1, 0, 0, 0, 1, 0, 0, 0, 1, 0.329807, 0.477003, 0.221867 )
mesh = SubResource( 2 )
skin = SubResource( 3 )

[node name="Cabeca" type="MeshInstance" parent="Boneco/BonecoInteiro"]
transform = Transform( 1, 0, 0, 0, 1, 0, 0, 0, 1, 0.289828, 1.03926, 0.367525 )
mesh = SubResource( 5 )

[node name="Pescoco" type="MeshInstance" parent="Boneco/BonecoInteiro"]
transform = Transform( 1, 0, 0, 0, 0.191186, -0.981554, 0, 0.981554, 0.191186, 0.276983, 0.702034, 0.367102 )
mesh = SubResource( 6 )

[node name="Piso" type="CSGPolygon" parent="Boneco/BonecoInteiro"]
transform = Transform( 0.999466, -0.0322662, -0.00514349, 0.00641338, 0.0393774, 0.999204, -0.032038, -0.998703, 0.0395633, -0.0208536, 0.0183204, 1.03549 )
snap = 0.002
use_collision = true
polygon = PoolVector2Array( -0.0272711, 0.763391, 0.216131, 0.906181, 0.483022, 0.898029, 0.721976, 0.742732, 0.714484, 0.555509, 0.503781, 0.407431, 0.188772, 0.409467, -0.0173309, 0.561486 )
depth = 0.1
